619	240	4
0.21810781955718994	-1.7881393432617188e-07	-0.5936172008514404	0.9688795804977417	0.17476177215576172	0	0	0	0	0	0	-1.0139561368305294e-07	-0.19509077072143555	-0.9807851910591125	-2.4724078578723663e-15	0.9807851910591125	-0.19509077072143555	1.0	-1.9781346338731964e-08	-9.944731971245346e-08
-0.21810805797576904	-0.22716736793518066	-0.5484306812286377	0.9592946767807007	0.09808176755905151	0	0	0	0	0	0	-1.0139561368305294e-07	-0.19509077072143555	-0.9807851910591125	-2.4724076461141295e-15	0.9807851314544678	-0.19509075582027435	1.0	-1.9781348115088804e-08	-9.944731971245346e-08
-0.21810805797576904	5.960464477539063e-08	-0.5936172008514404	0.9688795804977417	0.09808176755905151	0	0	0	0	0	0	-1.0139561368305294e-07	-0.19509077072143555	-0.9807851910591125	-2.4724078578723663e-15	0.9807851910591125	-0.19509077072143555	1.0	-1.9781346338731964e-08	-9.944731971245346e-08
0.21810781955718994	-0.22716736793518066	-0.5484306812286377	0.9592946767807007	0.17476177215576172	0	0	0	0	0	0	0.0	-0.555570125579834	-0.8314696550369263	0.0	0.8314697742462158	-0.555570125579834	1.0	0.0	0.0
-0.21810805797576904	-0.419750452041626	-0.41975080966949463	0.9497096538543701	0.09808176755905151	0	0	0	0	0	0	0.0	-0.555570125579834	-0.8314696550369263	0.0	0.8314697742462158	-0.555570125579834	1.0	0.0	0.0
-0.21810805797576904	-0.22716736793518066	-0.5484306812286377	0.9592946767807007	0.09808176755905151	0	0	0	0	0	0	0.0	-0.555570125579834	-0.8314696550369263	0.0	0.831469714641571	-0.555570125579834	1.0	0.0	0.0
0.21810781955718994	-0.419750452041626	-0.41975080966949463	0.9497096538543701	0.17476177215576172	0	0	0	0	0	0	0.0	-0.8314694166183472	-0.5555706024169922	0.0	0.5555706024169922	-0.8314694166183472	1.0	0.0	0.0
-0.21810805797576904	-0.5484305620193481	-0.22716760635375977	0.9401246309280396	0.09808176755905151	0	0	0	0	0	0	0.0	-0.8314694166183472	-0.5555706024169922	0.0	0.5555706024169922	-0.8314693570137024	1.0	0.0	0.0
-0.21810805797576904	-0.419750452041626	-0.41975080966949463	0.9497096538543701	0.09808176755905151	0	0	0	0	0	0	0.0	-0.8314694166183472	-0.5555706024169922	0.0	0.5555705428123474	-0.8314693570137024	1.0	0.0	0.0
0.21810781955718994	-0.5484305620193481	-0.22716760635375977	0.9401246309280396	0.17476177215576172	0	0	0	0	0	0	0.0	-0.9807854890823364	-0.19508913159370422	0.0	0.19508913159370422	-0.9807855486869812	1.0	0.0	0.0
-0.21810805797576904	-0.5936167240142822	0.0	0.930539608001709	0.09808176755905151	0	0	0	0	0	0	0.0	-0.9807854890823364	-0.19508913159370422	0.0	0.19508913159370422	-0.9807854890823364	1.0	0.0	0.0
-0.21810805797576904	-0.5484305620193481	-0.22716760635375977	0.9401246309280396	0.09808176755905151	0	0	0	0	0	0	0.0	-0.9807854890823364	-0.19508913159370422	0.0	0.19508913159370422	-0.9807854890823364	1.0	0.0	0.0
0.21810781955718994	-0.5936169624328613	0.0	0.930539608001709	0.17476177215576172	0	0	0	0	0	0	-5.346323064259195e-07	-0.9807854890823364	0.19508954882621765	1.675741861354059e-14	-0.19508951902389526	-0.9807854294776917	1.0	-5.243595637693943e-07	1.0430117924897786e-07
-0.21810805797576904	-0.5484305620193481	0.22716712951660156	0.920954704284668	0.09808176755905151	0	0	0	0	0	0	-5.346323064259195e-07	-0.9807854890823364	0.19508954882621765	8.790777283082356e-15	-0.19508951902389526	-0.9807854294776917	1.0	-5.243595637693943e-07	1.043011721435505e-07
-0.21810805797576904	-0.5936167240142822	0.0	0.930539608001709	0.09808176755905151	0	0	0	0	0	0	-5.346323064259195e-07	-0.9807854890823364	0.19508954882621765	8.241351055911748e-16	-0.19508951902389526	-0.9807854294776917	1.0	-5.243595637693943e-07	1.0430116503812314e-07
0.21810781955718994	-0.5484305620193481	0.22716712951660156	0.920954704284668	0.17476177215576172	0	0	0	0	0	0	0.0	-0.8314695358276367	0.5555703639984131	0.0	-0.5555704236030579	-0.8314695954322815	1.0	0.0	0.0
-0.21810805797576904	-0.419750452041626	0.419750452041626	0.9113696813583374	0.09808176755905151	0	0	0	0	0	0	0.0	-0.8314695358276367	0.5555703639984131	0.0	-0.5555703639984131	-0.8314694762229919	1.0	0.0	0.0
-0.21810805797576904	-0.5484305620193481	0.22716712951660156	0.920954704284668	0.09808176755905151	0	0	0	0	0	0	0.0	-0.8314695358276367	0.5555703639984131	0.0	-0.5555703639984131	-0.8314695954322815	1.0	0.0	0.0
0.21810781955718994	-0.419750452041626	0.419750452041626	0.9113696813583374	0.17476177215576172	0	0	0	0	0	0	0.0	-0.5555704832077026	0.8314694762229919	0.0	-0.8314694166183472	-0.5555704236030579	1.0	0.0	0.0
-0.21810805797576904	-0.22716736793518066	0.5484304428100586	0.9017846584320068	0.09808176755905151	0	0	0	0	0	0	0.0	-0.5555704832077026	0.8314694762229919	0.0	-0.8314694166183472	-0.5555704832077026	1.0	0.0	0.0
-0.21810805797576904	-0.419750452041626	0.419750452041626	0.9113696813583374	0.09808176755905151	0	0	0	0	0	0	0.0	-0.5555704832077026	0.8314694762229919	0.0	-0.8314694166183472	-0.5555704236030579	1.0	0.0	0.0
0.21810781955718994	-0.22716736793518066	0.5484304428100586	0.9017846584320068	0.17476177215576172	0	0	0	0	0	0	0.0	-0.19508978724479675	0.9807854294776917	0.0	-0.9807854294776917	-0.19508978724479675	1.0	0.0	0.0
-0.21810805797576904	5.960464477539063e-08	0.5936167240142822	0.8921996355056763	0.09808176755905151	0	0	0	0	0	0	0.0	-0.19508978724479675	0.9807854294776917	0.0	-0.9807853698730469	-0.19508977234363556	1.0	0.0	0.0
-0.21810805797576904	-0.22716736793518066	0.5484304428100586	0.9017846584320068	0.09808176755905151	0	0	0	0	0	0	0.0	-0.19508978724479675	0.9807854294776917	0.0	-0.9807854294776917	-0.19508978724479675	1.0	0.0	0.0
-0.21810805797576904	5.960464477539063e-08	0.5936167240142822	0.8921996355056763	0.09808176755905151	0	0	0	0	0	0	0.0	0.19508995115756989	0.9807854294776917	0.0	-0.9807854294776917	0.19508995115756989	1.0	0.0	0.0
0.21810781955718994	0.2271673083305359	0.5484304428100586	0.8826146721839905	0.17476177215576172	0	0	0	0	0	0	0.0	0.19508995115756989	0.9807854294776917	0.0	-0.9807854294776917	0.19508995115756989	1.0	0.0	0.0
-0.21810805797576904	0.2271673083305359	0.5484304428100586	0.8826146721839905	0.09808176755905151	0	0	0	0	0	0	0.0	0.19508995115756989	0.9807854294776917	0.0	-0.9807853698730469	0.1950899362564087	1.0	0.0	0.0
0.21810781955718994	0.2271673083305359	0.5484304428100586	0.8826146721839905	0.17476177215576172	0	0	0	0	0	0	0.0	0.5555698275566101	0.8314698934555054	0.0	-0.8314699530601501	0.5555698871612549	1.0	0.0	0.0
-0.21810805797576904	0.41975072026252747	0.419750452041626	0.8730297088623047	0.09808176755905151	0	0	0	0	0	0	0.0	0.5555698275566101	0.8314698934555054	0.0	-0.8314698934555054	0.5555698275566101	1.0	0.0	0.0
-0.21810805797576904	0.2271673083305359	0.5484304428100586	0.8826146721839905	0.09808176755905151	0	0	0	0	0	0	0.0	0.5555698275566101	0.8314698934555054	0.0	-0.8314699530601501	0.5555698275566101	1.0	0.0	0.0
0.21810781955718994	0.41975072026252747	0.419750452041626	0.8730297088623047	0.17476177215576172	0	0	0	0	0	0	0.0	0.8314700722694397	0.555569589138031	0.0	-0.555569589138031	0.8314700722694397	1.0	0.0	0.0
-0.21810805797576904	0.5484305620193481	0.22716712951660156	0.8634446859359741	0.09808176755905151	0	0	0	0	0	0	0.0	0.8314700722694397	0.555569589138031	0.0	-0.555569589138031	0.8314700126647949	1.0	0.0	0.0
-0.21810805797576904	0.41975072026252747	0.419750452041626	0.8730297088623047	0.09808176755905151	0	0	0	0	0	0	0.0	0.8314700722694397	0.555569589138031	0.0	-0.555569589138031	0.8314700126647949	1.0	0.0	0.0
0.21810781955718994	0.5484305620193481	0.22716712951660156	0.8634446859359741	0.17476177215576172	0	0	0	0	0	0	0.0	0.9807853698730469	0.19508978724479675	0.0	-0.19508980214595795	0.9807854294776917	1.0	0.0	0.0
-0.21810805797576904	0.593616783618927	0.0	0.8538596630096436	0.09808176755905151	0	0	0	0	0	0	0.0	0.9807853698730469	0.19508978724479675	0.0	-0.19508980214595795	0.9807854294776917	1.0	0.0	0.0
-0.21810805797576904	0.5484305620193481	0.22716712951660156	0.8634446859359741	0.09808176755905151	0	0	0	0	0	0	0.0	0.9807853698730469	0.19508978724479675	0.0	-0.19508978724479675	0.9807853698730469	1.0	0.0	0.0
0.21810781955718994	0.593616783618927	0.0	0.8538596630096436	0.17476177215576172	0	0	0	0	0	0	0.0	0.9807855486869812	-0.1950894147157669	0.0	0.1950894147157669	0.9807855486869812	1.0	0.0	0.0
-0.21810805797576904	0.5484305620193481	-0.22716760635375977	0.844274640083313	0.09808176755905151	0	0	0	0	0	0	0.0	0.9807855486869812	-0.1950894147157669	0.0	0.1950894147157669	0.9807855486869812	1.0	0.0	0.0
-0.21810805797576904	0.593616783618927	0.0	0.8538596630096436	0.09808176755905151	0	0	0	0	0	0	0.0	0.9807855486869812	-0.1950894147157669	0.0	0.1950894147157669	0.9807855486869812	1.0	0.0	0.0
0.21810781955718994	0.5484305620193481	-0.22716760635375977	0.844274640083313	0.17476177215576172	0	0	0	0	0	0	0.0	0.8314698934555054	-0.5555698275566101	0.0	0.5555698275566101	0.8314698934555054	1.0	0.0	0.0
-0.21810805797576904	0.41975072026252747	-0.41975080966949463	0.8346896767616272	0.09808176755905151	0	0	0	0	0	0	0.0	0.8314698934555054	-0.5555698275566101	0.0	0.5555698871612549	0.8314699530601501	1.0	0.0	0.0
-0.21810805797576904	0.5484305620193481	-0.22716760635375977	0.844274640083313	0.09808176755905151	0	0	0	0	0	0	0.0	0.8314698934555054	-0.5555698275566101	0.0	0.5555698871612549	0.8314698934555054	1.0	0.0	0.0
0.21810781955718994	-1.7881393432617188e-07	0.5936167240142822	0.8538596630096436	0.02293539047241211	0	0	0	0	0	0	1.0	0.0	0.0	0.0	-1.0	2.588746156106936e-06	0.0	-2.588746156106936e-06	-1.0
0.21810781955718994	-0.419750452041626	0.419750452041626	0.879885733127594	0.03371575474739075	0	0	0	0	0	0	1.0	0.0	0.0	0.0	-1.0	1.014123313325399e-06	0.0	-1.014123313325399e-06	-1.0
0.21810781955718994	-0.419750452041626	-0.41975080966949463	0.879885733127594	0.08576783537864685	0	0	0	0	0	0	1.0	0.0	0.0	0.0	-1.0	1.132211309595732e-06	0.0	-1.132211309595732e-06	-1.0
0.21810781955718994	0.41975072026252747	-0.41975080966949463	0.8346896767616272	0.17476177215576172	0	0	0	0	0	0	0.0	0.5555695295333862	-0.8314701318740845	0.0	0.8314700722694397	0.5555695295333862	1.0	0.0	0.0
-0.21810805797576904	0.2271673083305359	-0.5484306812286377	0.8251047134399414	0.09808176755905151	0	0	0	0	0	0	0.0	0.5555695295333862	-0.8314701318740845	0.0	0.8314700722694397	0.5555695295333862	1.0	0.0	0.0
-0.21810805797576904	0.41975072026252747	-0.41975080966949463	0.8346896767616272	0.09808176755905151	0	0	0	0	0	0	0.0	0.5555695295333862	-0.8314701318740845	0.0	0.8314701318740845	0.5555695295333862	1.0	0.0	0.0
0.21810781955718994	0.2271673083305359	-0.5484306812286377	0.8251047134399414	0.17476177215576172	0	0	0	0	0	0	0.0	0.19509093463420868	-0.9807851910591125	0.0	0.9807851314544678	0.19509093463420868	1.0	0.0	0.0
-0.21810805797576904	5.960464477539063e-08	-0.5936172008514404	0.8155196905136108	0.09808176755905151	0	0	0	0	0	0	0.0	0.19509093463420868	-0.9807851910591125	0.0	0.9807851910591125	0.19509093463420868	1.0	0.0	0.0
-0.21810805797576904	0.2271673083305359	-0.5484306812286377	0.8251047134399414	0.09808176755905151	0	0	0	0	0	0	0.0	0.19509093463420868	-0.9807851910591125	0.0	0.9807851314544678	0.19509093463420868	1.0	0.0	0.0
-0.21810805797576904	-0.22716736793518066	0.5484304428100586	0.9446249008178711	0.02573716640472412	0	0	0	0	0	0	-1.0	0.0	0.0	0.0	-1.0	1.0656407312126248e-06	0.0	1.0656407312126248e-06	1.0
-0.21810805797576904	0.5484305620193481	0.22716712951660156	0.8965350389480591	0.04565659165382385	0	0	0	0	0	0	-1.0	0.0	0.0	0.0	-1.0	1.0656407312126248e-06	0.0	1.0656407312126248e-06	1.0
-0.21810805797576904	0.2271673083305359	-0.5484306812286377	0.9164544343948364	0.09374645352363586	0	0	0	0	0	0	-1.0	0.0	0.0	0.0	-1.0	1.0656407312126248e-06	0.0	1.0656407312126248e-06	1.0
-2.350247383117676	-0.4513898491859436	0.38552331924438477	0.7872985005378723	0.10747072100639343	0	0	0	0	0	0	1.3115214869685587e-07	-0.8724958300590515	0.48862171173095703	7.817276387572358e-15	-0.48862165212631226	-0.8724957704544067	1.0	1.1442970304642586e-07	-6.40837711785025e-08
-2.7864632606506348	-0.5645633339881897	0.18343785405158997	0.7957870364189148	0.17537888884544373	0	0	0	0	0	0	1.3115214869685587e-07	-0.8724958300590515	0.48862171173095703	3.908637770269705e-15	-0.48862165212631226	-0.872495710849762	1.0	1.1442968883557114e-07	-6.408377828392986e-08
-2.350247383117676	-0.5645633935928345	0.18343763053417206	0.7957870364189148	0.10747072100639343	0	0	0	0	0	0	1.3115214869685587e-07	-0.8724958300590515	0.48862171173095703	3.908638193786179e-15	-0.48862165212631226	-0.8724957704544067	1.0	1.144296959409985e-07	-6.408377828392986e-08
-2.350247383117676	-0.2694966197013855	0.5289164185523987	0.7788099646568298	0.10747072100639343	0	0	0	0	0	0	0.0	-0.6190940737724304	0.7853168845176697	0.0	-0.7853168845176697	-0.6190940737724304	1.0	0.0	0.0
-2.7864632606506348	-0.4513898491859436	0.38552331924438477	0.7872985005378723	0.17537888884544373	0	0	0	0	0	0	0.0	-0.6190940737724304	0.7853168845176697	0.0	-0.7853169441223145	-0.6190940737724304	1.0	0.0	0.0
-2.350247383117676	-0.4513898491859436	0.38552331924438477	0.7872985005378723	0.10747072100639343	0	0	0	0	0	0	0.0	-0.6190940737724304	0.7853168845176697	0.0	-0.7853169441223145	-0.6190940737724304	1.0	0.0	0.0
-2.350247383117676	-0.046574756503105164	0.5917869806289673	0.7703214883804321	0.10747072100639343	0	0	0	0	0	0	0.0	-0.2714408338069916	0.962455153465271	0.0	-0.962455153465271	-0.27144086360931396	1.0	0.0	0.0
-2.7864632606506348	-0.2694966197013855	0.5289164185523987	0.7788099646568298	0.17537888884544373	0	0	0	0	0	0	0.0	-0.2714408338069916	0.962455153465271	0.0	-0.9624552130699158	-0.27144086360931396	1.0	0.0	0.0
-2.350247383117676	-0.2694966197013855	0.5289164185523987	0.7788099646568298	0.10747072100639343	0	0	0	0	0	0	0.0	-0.2714408338069916	0.962455153465271	0.0	-0.9624552130699158	-0.27144086360931396	1.0	0.0	0.0
-2.350247383117676	0.183437779545784	0.564562976360321	0.7618329524993896	0.10747072100639343	0	0	0	0	0	0	0.0	0.11753837019205093	0.9930683970451355	0.0	-0.9930683970451355	0.11753836274147034	1.0	0.0	0.0
-2.7864632606506348	-0.046574756503105164	0.5917869806289673	0.7703214883804321	0.17537888884544373	0	0	0	0	0	0	0.0	0.11753837019205093	0.9930683970451355	0.0	-0.9930683374404907	0.11753835529088974	1.0	0.0	0.0
-2.350247383117676	-0.046574756503105164	0.5917869806289673	0.7703214883804321	0.10747072100639343	0	0	0	0	0	0	0.0	0.11753837019205093	0.9930683970451355	0.0	-0.9930683970451355	0.11753836274147034	1.0	0.0	0.0
-2.350247383117676	0.183437779545784	0.564562976360321	0.7618329524993896	0.10747072100639343	0	0	0	0	0	0	4.424542225933692e-07	0.48862147331237793	0.8724958896636963	-3.0767692538700986e-14	-0.8724958896636963	0.48862144351005554	1.0	-2.161926460075847e-07	-3.8603945995419053e-07
-2.7864632606506348	0.38552325963974	0.4513898193836212	0.7533444166183472	0.17537888884544373	0	0	0	0	0	0	4.424542225933692e-07	0.48862147331237793	0.8724958896636963	-3.076770609122814e-14	-0.8724958896636963	0.48862144351005554	1.0	-2.161926460075847e-07	-3.8603945995419053e-07
-2.7864632606506348	0.18343785405158997	0.5645631551742554	0.7618329524993896	0.17537888884544373	0	0	0	0	0	0	4.424542225933692e-07	0.48862147331237793	0.8724958896636963	-1.7581532543308083e-14	-0.8724959492683411	0.4886215031147003	1.0	-2.1619266021843941e-07	-3.860395167976094e-07
-2.350247383117676	0.5289165377616882	0.26949626207351685	0.7448558807373047	0.10747072100639343	0	0	0	0	0	0	0.0	0.7853170037269592	0.6190938353538513	0.0	-0.6190938353538513	0.7853169441223145	1.0	0.0	0.0
-2.7864632606506348	0.38552325963974	0.4513898193836212	0.7533444166183472	0.17537888884544373	0	0	0	0	0	0	0.0	0.7853170037269592	0.6190938353538513	0.0	-0.6190938353538513	0.785317063331604	1.0	0.0	0.0
-2.350247383117676	0.38552325963974	0.4513898193836212	0.7533444166183472	0.10747072100639343	0	0	0	0	0	0	0.0	0.7853170037269592	0.6190938353538513	0.0	-0.6190938353538513	0.785317063331604	1.0	0.0	0.0
-2.350247383117676	0.5917870998382568	0.046574562788009644	0.736367404460907	0.10747072100639343	0	0	0	0	0	0	0.0	0.962455153465271	0.2714410424232483	0.0	-0.2714410126209259	0.9624550342559814	1.0	0.0	0.0
-2.7864632606506348	0.5289165377616882	0.26949626207351685	0.7448558807373047	0.17537888884544373	0	0	0	0	0	0	0.0	0.962455153465271	0.2714410424232483	0.0	-0.2714410126209259	0.9624550342559814	1.0	0.0	0.0
-2.350247383117676	0.5289165377616882	0.26949626207351685	0.7448558807373047	0.10747072100639343	0	0	0	0	0	0	0.0	0.962455153465271	0.2714410424232483	0.0	-0.2714410424232483	0.962455153465271	1.0	0.0	0.0
-2.350247383117676	0.5917870998382568	0.046574562788009644	0.736367404460907	0.10747072100639343	0	0	0	0	0	0	0.0	0.9930684566497803	-0.11753778159618378	0.0	0.11753777414560318	0.9930683970451355	1.0	0.0	0.0
-2.7864632606506348	0.5645632743835449	-0.18343761563301086	0.7278788685798645	0.17537888884544373	0	0	0	0	0	0	0.0	0.9930684566497803	-0.11753778159618378	0.0	0.11753778159618378	0.9930684566497803	1.0	0.0	0.0
-2.7864632606506348	0.5917870998382568	0.046574562788009644	0.736367404460907	0.17537888884544373	0	0	0	0	0	0	0.0	0.9930684566497803	-0.11753778159618378	0.0	0.11753777414560318	0.9930683970451355	1.0	0.0	0.0
-2.350247383117676	0.45138993859291077	-0.38552340865135193	0.719390332698822	0.10747072100639343	0	0	0	0	0	0	-1.3115175079292385e-07	0.8724961876869202	-0.48862096667289734	-4.674397398015187e-14	0.48862096667289734	0.8724961876869202	1.0	1.1442942593475891e-07	-6.408345143427141e-08
-2.7864632606506348	0.5645632743835449	-0.18343761563301086	0.7278788685798645	0.17537888884544373	0	0	0	0	0	0	-1.3115175079292385e-07	0.8724961876869202	-0.48862096667289734	-4.283534722131048e-14	0.48862096667289734	0.8724961876869202	1.0	1.1442942593475891e-07	-6.408345853969877e-08
-2.350247383117676	0.5645632147789001	-0.18343783915042877	0.7278788685798645	0.10747072100639343	0	0	0	0	0	0	-1.3115175079292385e-07	0.8724961876869202	-0.48862096667289734	-3.892672385060088e-14	0.4886209964752197	0.8724962472915649	1.0	1.1442941882933155e-07	-6.408345853969877e-08
-2.350247383117676	0.2694964110851288	-0.5289168357849121	0.7109017968177795	0.10747072100639343	0	0	0	0	0	0	0.0	0.6190943121910095	-0.7853166460990906	0.0	0.7853167057037354	0.6190943121910095	1.0	0.0	0.0
-2.7864632606506348	0.45138993859291077	-0.38552340865135193	0.719390332698822	0.17537888884544373	0	0	0	0	0	0	0.0	0.6190943121910095	-0.7853166460990906	0.0	0.7853166460990906	0.6190943121910095	1.0	0.0	0.0
-2.350247383117676	0.45138993859291077	-0.38552340865135193	0.719390332698822	0.10747072100639343	0	0	0	0	0	0	0.0	0.6190943121910095	-0.7853166460990906	0.0	0.7853165864944458	0.6190943121910095	1.0	0.0	0.0
-2.350247383117676	0.046574532985687256	-0.5917870998382568	0.7024133205413818	0.10747072100639343	0	0	0	0	0	0	0.0	0.2714396119117737	-0.9624554514884949	0.0	0.9624555110931396	0.27143964171409607	1.0	0.0	0.0
-2.7864632606506348	0.2694964110851288	-0.5289168357849121	0.7109017968177795	0.17537888884544373	0	0	0	0	0	0	0.0	0.2714396119117737	-0.9624554514884949	0.0	0.9624555110931396	0.27143964171409607	1.0	0.0	0.0
-2.350247383117676	0.2694964110851288	-0.5289168357849121	0.7109017968177795	0.10747072100639343	0	0	0	0	0	0	0.0	0.2714396119117737	-0.9624554514884949	0.0	0.9624555110931396	0.27143964171409607	1.0	0.0	0.0
-2.350247383117676	-0.1834375560283661	-0.5645632147789001	0.6939247846603394	0.10747072100639343	0	0	0	0	0	0	0.0	-0.11753808706998825	-0.9930684566497803	0.0	0.9930684566497803	-0.11753808706998825	1.0	0.0	0.0
-2.7864632606506348	0.046574532985687256	-0.5917870998382568	0.7024133205413818	0.17537888884544373	0	0	0	0	0	0	0.0	-0.11753808706998825	-0.9930684566497803	0.0	0.9930684566497803	-0.11753808706998825	1.0	0.0	0.0
-2.350247383117676	0.046574532985687256	-0.5917870998382568	0.7024133205413818	0.10747072100639343	0	0	0	0	0	0	0.0	-0.11753808706998825	-0.9930684566497803	0.0	0.9930684566497803	-0.11753808706998825	1.0	0.0	0.0
-2.350247383117676	-0.3855234980583191	-0.4513899087905884	0.6854362487792969	0.10747072100639343	0	0	0	0	0	0	0.0	-0.48862046003341675	-0.8724965453147888	0.0	0.872496485710144	-0.48862043023109436	1.0	0.0	0.0
-2.7864632606506348	-0.1834375560283661	-0.5645632147789001	0.6939247846603394	0.17537888884544373	0	0	0	0	0	0	0.0	-0.48862046003341675	-0.8724965453147888	0.0	0.8724965453147888	-0.48862046003341675	1.0	0.0	0.0
-2.350247383117676	-0.1834375560283661	-0.5645632147789001	0.6939247846603394	0.10747072100639343	0	0	0	0	0	0	0.0	-0.48862046003341675	-0.8724965453147888	0.0	0.8724965453147888	-0.48862046003341675	1.0	0.0	0.0
-2.350247383117676	-0.5289167165756226	-0.2694966495037079	0.6769477128982544	0.10747072100639343	0	0	0	0	0	0	0.0	-0.7853167057037354	-0.6190943121910095	0.0	0.6190943121910095	-0.7853167057037354	1.0	0.0	0.0
-2.7864632606506348	-0.3855234980583191	-0.4513899087905884	0.6854362487792969	0.17537888884544373	0	0	0	0	0	0	0.0	-0.7853167057037354	-0.6190943121910095	0.0	0.6190943121910095	-0.7853167057037354	1.0	0.0	0.0
-2.350247383117676	-0.3855234980583191	-0.4513899087905884	0.6854362487792969	0.10747072100639343	0	0	0	0	0	0	0.0	-0.7853167057037354	-0.6190943121910095	0.0	0.6190943121910095	-0.7853167057037354	1.0	0.0	0.0
-2.7864632606506348	0.5645632743835449	-0.18343761563301086	0.6939247846603394	0.04092070460319519	0	0	0	0	0	0	-1.0	0.0	0.0	0.0	0.3090166747570038	0.9510565996170044	0.0	0.9510565996170044	-0.3090166747570038
-2.7864632606506348	-0.1834375560283661	-0.5645632147789001	0.6613288521766663	0.07351663708686829	0	0	0	0	0	0	-1.0	0.0	0.0	0.0	0.3090166747570038	0.9510566592216492	0.0	0.9510566592216492	-0.3090166747570038
-2.7864632606506348	-0.5645633339881897	0.18343785405158997	0.6939247846603394	0.10611256957054138	0	0	0	0	0	0	-1.0	0.0	0.0	0.0	0.30901670455932617	0.9510566592216492	0.0	0.9510566592216492	-0.30901670455932617
-2.350247383117676	-0.5917869806289673	-0.046574667096138	0.6684592366218567	0.10747072100639343	0	0	0	0	0	0	0.0	-0.9624555706977844	-0.2714395225048065	0.0	0.2714395225048065	-0.9624555110931396	1.0	0.0	0.0
-2.7864632606506348	-0.5289167165756226	-0.2694966495037079	0.6769477128982544	0.17537888884544373	0	0	0	0	0	0	0.0	-0.9624555706977844	-0.2714395225048065	0.0	0.2714395225048065	-0.9624555110931396	1.0	0.0	0.0
-2.350247383117676	-0.5289167165756226	-0.2694966495037079	0.6769477128982544	0.10747072100639343	0	0	0	0	0	0	0.0	-0.9624555706977844	-0.2714395225048065	0.0	0.2714395523071289	-0.9624555706977844	1.0	0.0	0.0
-2.350247383117676	-0.5645633935928345	0.18343763053417206	0.6599707007408142	0.10747072100639343	0	0	0	0	0	0	0.0	-0.993068516254425	0.11753670871257782	0.0	-0.11753670871257782	-0.993068516254425	1.0	0.0	0.0
-2.7864632606506348	-0.5917869806289673	-0.046574667096138	0.6684592366218567	0.17537888884544373	0	0	0	0	0	0	0.0	-0.993068516254425	0.11753670871257782	0.0	-0.11753671616315842	-0.9930685758590698	1.0	0.0	0.0
-2.350247383117676	-0.5917869806289673	-0.046574667096138	0.6684592366218567	0.10747072100639343	0	0	0	0	0	0	0.0	-0.993068516254425	0.11753670871257782	0.0	-0.11753671616315842	-0.9930685758590698	1.0	0.0	0.0
-2.350247383117676	0.45138993859291077	-0.38552340865135193	0.7493590116500854	0.04340192675590515	0	0	0	0	0	0	1.0	0.0	0.0	0.0	0.30901703238487244	0.9510565400123596	0.0	-0.9510565400123596	0.30901703238487244
-2.350247383117676	0.38552325963974	0.4513898193836212	0.7919476628303528	0.061042726039886475	0	0	0	0	0	0	1.0	0.0	0.0	0.0	0.309017151594162	0.9510565400123596	0.0	-0.9510565400123596	0.309017151594162
-2.350247383117676	-0.4513898491859436	0.38552331924438477	0.7743068933486938	0.10363134741783142	0	0	0	0	0	0	1.0	0.0	0.0	0.0	0.30901703238487244	0.9510565400123596	0.0	-0.9510565400123596	0.30901703238487244
-0.2181081771850586	-4.4930500984191895	-2.515951633453369	0.9590718746185303	0.27485987544059753	0	0	0	0	0	0	0.0	-0.41865870356559753	-0.9081436395645142	0.0	-0.9081436395645142	0.41865870356559753	-1.0	0.0	0.0
0.2181077003479004	-4.703392505645752	-2.418982744216919	0.9679605960845947	0.3459702432155609	0	0	0	0	0	0	0.0	-0.41865870356559753	-0.9081436395645142	0.0	-0.9081436991691589	0.4186587333679199	-1.0	0.0	0.0
-0.2181081771850586	-4.703392505645752	-2.418982744216919	0.9679605960845947	0.27485987544059753	0	0	0	0	0	0	0.0	-0.41865870356559753	-0.9081436395645142	0.0	-0.9081436395645142	0.41865870356559753	-1.0	0.0	0.0
-0.2181081771850586	-4.261610984802246	-2.5250449180603027	0.9501830339431763	0.27485987544059753	0	0	0	0	0	0	0.0	-0.0392598882317543	-0.9992290139198303	0.0	-0.9992290735244751	0.0392598882317543	-1.0	0.0	0.0
0.2181077003479004	-4.4930500984191895	-2.515951633453369	0.9590718746185303	0.3459702432155609	0	0	0	0	0	0	0.0	-0.0392598882317543	-0.9992290139198303	0.0	-0.9992290735244751	0.0392598882317543	-1.0	0.0	0.0
-0.2181081771850586	-4.4930500984191895	-2.515951633453369	0.9590718746185303	0.27485987544059753	0	0	0	0	0	0	0.0	-0.0392598882317543	-0.9992290139198303	0.0	-0.9992290139198303	0.0392598882317543	-1.0	0.0	0.0
-0.2181081771850586	-4.044309139251709	-2.444878101348877	0.9412941932678223	0.27485987544059753	0	0	0	0	0	0	0.0	0.3461167812347412	-0.9381914138793945	0.0	-0.9381914734840393	-0.3461167812347412	-1.0	0.0	0.0
0.2181077003479004	-4.261610984802246	-2.5250449180603027	0.9501830339431763	0.3459702432155609	0	0	0	0	0	0	0.0	0.3461167812347412	-0.9381914138793945	0.0	-0.9381914734840393	-0.3461167812347412	-1.0	0.0	0.0
-0.2181081771850586	-4.261610984802246	-2.5250449180603027	0.9501830339431763	0.27485987544059753	0	0	0	0	0	0	0.0	0.3461167812347412	-0.9381914138793945	0.0	-0.9381914734840393	-0.3461167812347412	-1.0	0.0	0.0
-0.2181081771850586	-3.8742270469665527	-2.2876553535461426	0.9324054718017578	0.27485987544059753	0	0	0	0	0	0	0.0	0.6788018345832825	-0.7343214750289917	0.0	-0.7343214750289917	-0.6788018345832825	-1.0	0.0	0.0
0.2181077003479004	-4.044309139251709	-2.444878101348877	0.9412941932678223	0.3459702432155609	0	0	0	0	0	0	0.0	0.6788018345832825	-0.7343214750289917	0.0	-0.7343214750289917	-0.6788018345832825	-1.0	0.0	0.0
-0.2181081771850586	-4.044309139251709	-2.444878101348877	0.9412941932678223	0.27485987544059753	0	0	0	0	0	0	0.0	0.6788018345832825	-0.7343214750289917	0.0	-0.7343214750289917	-0.6788018345832825	-1.0	0.0	0.0
-0.2181081771850586	-3.7772579193115234	-2.0773134231567383	0.9235166311264038	0.27485987544059753	0	0	0	0	0	0	-4.963554829373606e-07	0.9081429243087769	-0.41866034269332886	1.4817196135417238e-13	-0.41866034269332886	-0.9081429243087769	-1.0	-4.5076177457303856e-07	2.0780423426458583e-07
0.2181077003479004	-3.8742268085479736	-2.2876553535461426	0.9324054718017578	0.3459702432155609	0	0	0	0	0	0	-4.963554829373606e-07	0.9081429243087769	-0.41866034269332886	1.4817196135417238e-13	-0.41866034269332886	-0.9081429243087769	-1.0	-4.5076177457303856e-07	2.0780423426458583e-07
-0.2181081771850586	-3.8742270469665527	-2.2876553535461426	0.9324054718017578	0.27485987544059753	0	0	0	0	0	0	-4.963554829373606e-07	0.9081429243087769	-0.41866034269332886	1.7775704682070764e-13	-0.41866037249565125	-0.9081429243087769	-1.0	-4.50761802994748e-07	2.0780422005373111e-07
-0.2181081771850586	-3.76816463470459	-1.8458739519119263	0.9146279096603394	0.27485987544059753	0	0	0	0	0	0	0.0	0.9992290139198303	-0.03925982862710953	0.0	-0.03925982862710953	-0.9992290139198303	-1.0	0.0	0.0
0.2181077003479004	-3.7772579193115234	-2.0773134231567383	0.9235166311264038	0.3459702432155609	0	0	0	0	0	0	0.0	0.9992290139198303	-0.03925982862710953	0.0	-0.03925982862710953	-0.9992290735244751	-1.0	0.0	0.0
-0.2181081771850586	-3.7772579193115234	-2.0773134231567383	0.9235166311264038	0.27485987544059753	0	0	0	0	0	0	0.0	0.9992290139198303	-0.03925982862710953	0.0	-0.03925982862710953	-0.9992290139198303	-1.0	0.0	0.0
-0.2181081771850586	-3.8483314514160156	-1.6285722255706787	0.9057390689849854	0.27485987544059753	0	0	0	0	0	0	0.0	0.9381914138793945	0.34611696004867554	0.0	0.34611696004867554	-0.9381913542747498	-1.0	0.0	0.0
0.2181077003479004	-3.76816463470459	-1.8458739519119263	0.9146279096603394	0.3459702432155609	0	0	0	0	0	0	0.0	0.9381914138793945	0.34611696004867554	0.0	0.34611696004867554	-0.9381913542747498	-1.0	0.0	0.0
-0.2181081771850586	-3.76816463470459	-1.8458739519119263	0.9146279096603394	0.27485987544059753	0	0	0	0	0	0	0.0	0.9381914138793945	0.34611696004867554	0.0	0.34611696004867554	-0.9381914138793945	-1.0	0.0	0.0
-0.2181081771850586	-3.8483314514160156	-1.6285722255706787	0.9057390689849854	0.27485987544059753	0	0	0	0	0	0	0.0	0.7343222498893738	0.6788010001182556	0.0	0.6788010001182556	-0.7343222498893738	-1.0	0.0	0.0
0.2181077003479004	-4.005553722381592	-1.458490252494812	0.8968502283096313	0.3459702432155609	0	0	0	0	0	0	0.0	0.7343222498893738	0.6788010001182556	0.0	0.6788010001182556	-0.7343222498893738	-1.0	0.0	0.0
0.2181077003479004	-3.8483314514160156	-1.6285722255706787	0.9057390689849854	0.3459702432155609	0	0	0	0	0	0	0.0	0.7343222498893738	0.6788010001182556	0.0	0.6788010001182556	-0.7343222498893738	-1.0	0.0	0.0
-0.2181081771850586	-4.00555419921875	-1.4584901332855225	0.8968502283096313	0.27485987544059753	0	0	0	0	0	0	-2.2122659970591485e-07	0.4186599850654602	0.9081431031227112	-7.911680073016333e-14	0.9081431031227112	-0.4186600148677826	-1.0	-9.261880506983289e-08	-2.0090539010197972e-07
0.2181077003479004	-4.215896129608154	-1.3615210056304932	0.8879614472389221	0.3459702432155609	0	0	0	0	0	0	-2.2122659970591485e-07	0.4186599850654602	0.9081431031227112	-7.911680750642691e-14	0.9081430435180664	-0.4186599850654602	-1.0	-9.261879796440553e-08	-2.00905375891125e-07
0.2181077003479004	-4.005553722381592	-1.458490252494812	0.8968502283096313	0.3459702432155609	0	0	0	0	0	0	-2.2122659970591485e-07	0.4186599850654602	0.9081431031227112	-7.911679395389976e-14	0.9081430435180664	-0.4186599850654602	-1.0	-9.261879796440553e-08	-2.00905375891125e-07
-0.2181081771850586	-4.447335720062256	-1.3524277210235596	0.8790726661682129	0.27485987544059753	0	0	0	0	0	0	0.0	0.039259810000658035	0.9992290735244751	0.0	0.9992290139198303	-0.03925980627536774	-1.0	0.0	0.0
0.2181077003479004	-4.215896129608154	-1.3615210056304932	0.8879614472389221	0.3459702432155609	0	0	0	0	0	0	0.0	0.039259810000658035	0.9992290735244751	0.0	0.9992290735244751	-0.03925980627536774	-1.0	0.0	0.0
-0.2181081771850586	-4.215896129608154	-1.3615210056304932	0.8879614472389221	0.27485987544059753	0	0	0	0	0	0	0.0	0.039259810000658035	0.9992290735244751	0.0	0.9992290139198303	-0.03925980627536774	-1.0	0.0	0.0
-0.2181081771850586	-4.664637565612793	-1.4325947761535645	0.8701838254928589	0.27485987544059753	0	0	0	0	0	0	0.0	-0.34611770510673523	0.9381911754608154	0.0	0.9381911754608154	0.34611770510673523	-1.0	0.0	0.0
0.2181077003479004	-4.447335720062256	-1.3524277210235596	0.8790726661682129	0.3459702432155609	0	0	0	0	0	0	0.0	-0.34611770510673523	0.9381911754608154	0.0	0.9381910562515259	0.34611767530441284	-1.0	0.0	0.0
-0.2181081771850586	-4.447335720062256	-1.3524277210235596	0.8790726661682129	0.27485987544059753	0	0	0	0	0	0	0.0	-0.34611770510673523	0.9381911754608154	0.0	0.9381911754608154	0.34611770510673523	-1.0	0.0	0.0
-0.2181081771850586	-4.834719181060791	-1.5898170471191406	0.8612951040267944	0.27485987544059753	0	0	0	0	0	0	0.0	-0.6788017749786377	0.7343215942382812	0.0	0.7343215942382812	0.6788017749786377	-1.0	0.0	0.0
0.2181077003479004	-4.664637565612793	-1.4325947761535645	0.8701838254928589	0.3459702432155609	0	0	0	0	0	0	0.0	-0.6788017749786377	0.7343215942382812	0.0	0.7343215942382812	0.6788017749786377	-1.0	0.0	0.0
-0.2181081771850586	-4.664637565612793	-1.4325947761535645	0.8701838254928589	0.27485987544059753	0	0	0	0	0	0	0.0	-0.6788017749786377	0.7343215942382812	0.0	0.7343215942382812	0.6788017749786377	-1.0	0.0	0.0
-0.2181081771850586	-4.93168830871582	-1.8001593351364136	0.8524062633514404	0.27485987544059753	0	0	0	0	0	0	0.0	-0.908143162727356	0.4186597466468811	0.0	0.4186597466468811	0.908143162727356	-1.0	0.0	0.0
0.2181077003479004	-4.834719181060791	-1.5898170471191406	0.8612951040267944	0.3459702432155609	0	0	0	0	0	0	0.0	-0.908143162727356	0.4186597466468811	0.0	0.4186597764492035	0.9081432223320007	-1.0	0.0	0.0
-0.2181081771850586	-4.834719181060791	-1.5898170471191406	0.8612951040267944	0.27485987544059753	0	0	0	0	0	0	0.0	-0.908143162727356	0.4186597466468811	0.0	0.4186597466468811	0.908143162727356	-1.0	0.0	0.0
-0.2181081771850586	-4.940782070159912	-2.0315985679626465	0.8435174822807312	0.27485987544059753	0	0	0	0	0	0	0.0	-0.9992289543151855	0.03926192596554756	0.0	0.03926192596554756	0.9992290139198303	-1.0	0.0	0.0
0.2181077003479004	-4.93168830871582	-1.8001593351364136	0.8524062633514404	0.3459702432155609	0	0	0	0	0	0	0.0	-0.9992289543151855	0.03926192596554756	0.0	0.03926192596554756	0.9992290139198303	-1.0	0.0	0.0
-0.2181081771850586	-4.93168830871582	-1.8001593351364136	0.8524062633514404	0.27485987544059753	0	0	0	0	0	0	0.0	-0.9992289543151855	0.03926192596554756	0.0	0.03926192596554756	0.9992289543151855	-1.0	0.0	0.0
0.2181077003479004	-3.8742268085479736	-2.2876553535461426	0.8954280614852905	0.23930466175079346	0	0	0	0	0	0	1.0	0.0	0.0	0.0	0.8090171217918396	-0.5877851247787476	0.0	0.5877851247787476	0.8090171217918396
0.2181077003479004	-4.005553722381592	-1.458490252494812	0.8612951040267944	0.20517167448997498	0	0	0	0	0	0	1.0	0.0	0.0	0.0	0.8090171217918396	-0.5877851247787476	0.0	0.5877851247787476	0.8090171217918396
0.2181077003479004	-4.834719181060791	-1.5898170471191406	0.8271621465682983	0.23930466175079346	0	0	0	0	0	0	1.0	0.0	0.0	0.0	0.8090170621871948	-0.5877851247787476	0.0	0.5877851247787476	0.8090170621871948
-0.2181081771850586	-4.860614776611328	-2.2489004135131836	0.834628701210022	0.27485987544059753	0	0	0	0	0	0	0.0	-0.9381908178329468	-0.34611862897872925	0.0	-0.34611862897872925	0.9381908178329468	-1.0	0.0	0.0
0.2181077003479004	-4.940782070159912	-2.0315985679626465	0.8435174822807312	0.3459702432155609	0	0	0	0	0	0	0.0	-0.9381908178329468	-0.34611862897872925	0.0	-0.34611862897872925	0.9381908178329468	-1.0	0.0	0.0
-0.2181081771850586	-4.940782070159912	-2.0315985679626465	0.8435174822807312	0.27485987544059753	0	0	0	0	0	0	0.0	-0.9381908178329468	-0.34611862897872925	0.0	-0.34611862897872925	0.9381908178329468	-1.0	0.0	0.0
-0.2181081771850586	-4.703392505645752	-2.418982744216919	0.825739860534668	0.27485987544059753	0	0	0	0	0	0	0.0	-0.7343230247497559	-0.6788002252578735	0.0	-0.6788002252578735	0.7343230247497559	-1.0	0.0	0.0
0.2181077003479004	-4.860614776611328	-2.2489004135131836	0.834628701210022	0.3459702432155609	0	0	0	0	0	0	0.0	-0.7343230247497559	-0.6788002252578735	0.0	-0.6788002252578735	0.7343230247497559	-1.0	0.0	0.0
-0.2181081771850586	-4.860614776611328	-2.2489004135131836	0.834628701210022	0.27485987544059753	0	0	0	0	0	0	0.0	-0.7343230247497559	-0.6788002252578735	0.0	-0.6788002252578735	0.7343230247497559	-1.0	0.0	0.0
-0.2181081771850586	-4.215896129608154	-1.3615210056304932	0.9193433523178101	0.20776990056037903	0	0	0	0	0	0	-1.0	0.0	0.0	0.0	0.80901700258255	-0.5877853035926819	0.0	-0.5877853035926819	-0.80901700258255
-0.2181081771850586	-3.7772579193115234	-2.0773134231567383	0.9639402627944946	0.2262425422668457	0	0	0	0	0	0	-1.0	0.0	0.0	0.0	0.8090172410011292	-0.5877849459648132	0.0	-0.5877849459648132	-0.8090172410011292
-0.2181081771850586	-4.4930500984191895	-2.515951633453369	0.9454675912857056	0.2708394229412079	0	0	0	0	0	0	-1.0	0.0	0.0	0.0	0.80901700258255	-0.5877852439880371	0.0	-0.5877852439880371	-0.80901700258255
-2.7864632606506348	-4.8967695236206055	-2.1801822185516357	0.791867733001709	0.348143607378006	0	0	0	0	0	0	3.134043140562426e-07	-0.8166411519050598	-0.5771459341049194	0.0	-0.5771459341049194	0.8166411519050598	-1.0	-2.559388008194219e-07	-1.8087999364979623e-07
-2.350247383117676	-4.763092041015625	-2.369330883026123	0.7829002141952515	0.2764037549495697	0	0	0	0	0	0	3.134043140562426e-07	-0.8166411519050598	-0.5771459341049194	-9.340175558165704e-15	-0.5771459341049194	0.8166410326957703	-1.0	-2.559388008194219e-07	-1.8088002207150566e-07
-2.350247383117676	-4.8967695236206055	-2.1801819801330566	0.791867733001709	0.2764037549495697	0	0	0	0	0	0	3.134043140562426e-07	-0.8166411519050598	-0.5771459341049194	-1.8680352810397302e-14	-0.5771458745002747	0.8166411519050598	-1.0	-2.559388292411313e-07	-1.8088000786065095e-07
-2.7864632606506348	-4.763092041015625	-2.369330883026123	0.7829002141952515	0.348143607378006	0	0	0	0	0	0	0.0	-0.5336150527000427	-0.8457275032997131	0.0	-0.8457275629043579	0.5336151123046875	-1.0	0.0	0.0
-2.350247383117676	-4.567206859588623	-2.4929254055023193	0.7739327549934387	0.2764037549495697	0	0	0	0	0	0	0.0	-0.5336150527000427	-0.8457275032997131	0.0	-0.8457275629043579	0.5336151123046875	-1.0	0.0	0.0
-2.350247383117676	-4.763092041015625	-2.369330883026123	0.7829002141952515	0.2764037549495697	0	0	0	0	0	0	0.0	-0.5336150527000427	-0.8457275032997131	0.0	-0.8457275629043579	0.5336151123046875	-1.0	0.0	0.0
-2.7864632606506348	-4.567206859588623	-2.4929254055023193	0.7739327549934387	0.348143607378006	0	0	0	0	0	0	0.0	-0.1693495362997055	-0.9855561256408691	0.0	-0.9855561256408691	0.1693495213985443	-1.0	0.0	0.0
-2.350247383117676	-4.338934421539307	-2.5321497917175293	0.764965295791626	0.2764037549495697	0	0	0	0	0	0	0.0	-0.1693495362997055	-0.9855561256408691	0.0	-0.9855561256408691	0.1693495213985443	-1.0	0.0	0.0
-2.350247383117676	-4.567206859588623	-2.4929254055023193	0.7739327549934387	0.2764037549495697	0	0	0	0	0	0	0.0	-0.1693495362997055	-0.9855561256408691	0.0	-0.9855561256408691	0.1693495213985443	-1.0	0.0	0.0
-2.7864632606506348	-4.338934421539307	-2.5321497917175293	0.764965295791626	0.348143607378006	0	0	0	0	0	0	0.0	0.22069808840751648	-0.9753422141075134	0.0	-0.9753421545028687	-0.22069808840751648	-1.0	0.0	0.0
-2.350247383117676	-4.113027572631836	-2.481032133102417	0.7559977769851685	0.2764037549495697	0	0	0	0	0	0	0.0	0.22069808840751648	-0.9753422141075134	0.0	-0.9753422141075134	-0.22069810330867767	-1.0	0.0	0.0
-2.350247383117676	-4.338934421539307	-2.5321497917175293	0.764965295791626	0.2764037549495697	0	0	0	0	0	0	0.0	0.22069808840751648	-0.9753422141075134	0.0	-0.9753422141075134	-0.22069808840751648	-1.0	0.0	0.0
-2.350247383117676	-4.113027572631836	-2.481032133102417	0.7559977769851685	0.2764037549495697	0	0	0	0	0	0	0.0	0.5771439075469971	-0.8166425824165344	0.0	-0.8166425228118896	-0.5771439075469971	-1.0	0.0	0.0
-2.7864632606506348	-3.9238786697387695	-2.347355365753174	0.7470303177833557	0.348143607378006	0	0	0	0	0	0	0.0	0.5771439075469971	-0.8166425824165344	0.0	-0.8166425228118896	-0.5771439075469971	-1.0	0.0	0.0
-2.350247383117676	-3.9238786697387695	-2.347355365753174	0.7470303177833557	0.2764037549495697	0	0	0	0	0	0	0.0	0.5771439075469971	-0.8166425824165344	0.0	-0.8166425824165344	-0.5771439075469971	-1.0	0.0	0.0
-2.7864632606506348	-3.9238786697387695	-2.347355365753174	0.7470303177833557	0.348143607378006	0	0	0	0	0	0	0.0	0.8457284569740295	-0.5336136817932129	0.0	-0.5336136817932129	-0.8457284569740295	-1.0	0.0	0.0
-2.350247383117676	-3.8002841472625732	-2.1514694690704346	0.738062858581543	0.2764037549495697	0	0	0	0	0	0	0.0	0.8457284569740295	-0.5336136817932129	0.0	-0.5336136817932129	-0.84572833776474	-1.0	0.0	0.0
-2.350247383117676	-3.9238786697387695	-2.347355365753174	0.7470303177833557	0.2764037549495697	0	0	0	0	0	0	0.0	0.8457284569740295	-0.5336136817932129	0.0	-0.5336136817932129	-0.8457283973693848	-1.0	0.0	0.0
-2.7864632606506348	-3.8002841472625732	-2.1514694690704346	0.738062858581543	0.348143607378006	0	0	0	0	0	0	0.0	0.9855560660362244	-0.16934962570667267	0.0	-0.16934962570667267	-0.9855560660362244	-1.0	0.0	0.0
-2.350247383117676	-3.7610597610473633	-1.9231971502304077	0.7290953397750854	0.2764037549495697	0	0	0	0	0	0	0.0	0.9855560660362244	-0.16934962570667267	0.0	-0.16934962570667267	-0.9855560660362244	-1.0	0.0	0.0
-2.350247383117676	-3.8002841472625732	-2.1514694690704346	0.738062858581543	0.2764037549495697	0	0	0	0	0	0	0.0	0.9855560660362244	-0.16934962570667267	0.0	-0.16934962570667267	-0.9855561256408691	-1.0	0.0	0.0
